0 0
1 0
2 0
3 0
4 2
5 2
6 1
7 0
8 0
9 1
10 0
11 1
12 2
13 0
14 1
15 1
16 1
17 0
18 1
19 2
20 2
21 2
22 2
23 1
24 0
25 2
26 0
27 2
28 0
29 0
30 2
31 1
32 0
33 0
34 0
35 1
36 2
37 0
38 2
39 1
40 1
41 1
42 1
43 1
44 1
45 2
46 0
47 1
48 0
49 0
50 2
51 1
52 0
53 1
54 2
55 1
56 0
57 1
58 2
59 1
60 0
61 2
62 1
63 0
64 2
65 1
66 1
67 0
68 2
69 1
70 2
71 0
72 1
73 2
74 0
75 0
76 0
77 1
78 2
79 0
80 0
81 1
82 0
83 2
84 0
85 0
86 2
87 0
88 2
89 0
90 2
91 2
92 0
93 2
94 2
95 2
96 1
97 1
98 0
99 0
100 0
101 2
102 0
103 0
104 1
105 1
106 0
107 2
108 0
109 0
110 2
111 1
112 0
113 2
114 0
115 0
116 2
117 0
118 2
119 2
120 1
121 1
122 0
123 2
124 1
125 2
126 1
127 2
128 1
129 2
130 1
131 2
132 1
133 0
134 0
135 2
136 2
137 0
138 0
139 2
140 1
141 1
142 0
143 2
144 1
145 1
146 1
147 0
148 1
149 1
150 2
151 1
152 1
153 2
154 2
155 2
156 2
157 2
158 1
159 1
160 2
161 0
162 2
163 0
164 1
165 2
166 2
167 2
168 2
169 2
170 2
171 0
172 0
173 1
174 1
175 0
176 2
177 1
178 1
179 2
180 0
181 2
182 1
183 1
184 2
185 1
186 1
187 2
188 0
189 2
190 1
191 1
192 0
193 0
194 0
195 1
196 0
197 0
198 1
199 0
200 2
201 0
202 1
203 0
204 2
205 1
206 0
207 2
208 1
209 1
210 2
211 1
212 1
213 0
214 2
215 2
216 0
217 2
218 0
219 2
220 0
221 2
222 2
223 2
224 1
225 1
226 1
227 0
228 1
229 0
230 0
231 1
232 1
233 2
234 2
235 1
236 0
237 1
238 0
239 1
240 0
241 0
242 1
243 1
244 1
245 1
246 1
247 1
248 1
249 0
250 1
251 1
252 2
253 2
254 2
255 2
256 1
257 0
258 1
259 0
260 2
261 0
262 1
263 2
264 2
265 0
266 2
267 0
268 2
269 0
270 2
271 1
272 0
273 1
274 2
275 2
276 0
277 0
278 2
279 2
280 1
281 1
282 1
283 1
284 2
285 2
286 1
287 2
288 2
289 0
290 2
291 0
292 1
293 0
294 2
295 0
296 0
297 0
298 2
299 0
